-83.326 -82.743 5.246 34.702 -43.320 94.232 39.158 17.991 64.098 -82.654 -82.139
93.461 -4.718 -45.231 4.871 -41.328 95.323 49.127 96.115 -58.704 6.545 -53.495 -3.964 -32.880 44.930 -71.835
20.294 -6.451 -86.051 -92.348 -92.970 7.780 -84.669 -58.155 12.887 -27.125 -57.535 74.991
-76.262 -21.623 75.566 -1.290 83.417 83.300 34.542 -49.397 25.222 99.842 -88.542 -63.051
41.963 11.047 -96.515 63.327 21.339 -71.271 -47.486 -7.216 45.690 -92.224 0.875 -61.448 -89.577 52.799
-88.901 48.940 -65.456 -63.297 -19.268 9.189 9.965 -88.836 80.800 -65.787 29.990 23.173 22.739 -70.718 -49.982 -53.091
98.895 67.410 87.647 -5.767 44.885 -44.806 -24.124 82.482 45.048 80.685 16.220 41.169 -88.976 -36.198
-70.545 -86.148 -52.441 7.066 41.438 78.502 -37.554 77.508 83.021 31.044
32.708 -77.216 -36.758 52.918 45.634 89.845 65.221 -47.696 75.951 -36.938 -94.398 5.083 98.416 -6.253
3.532 83.665 -22.222 95.533 -13.306 53.606 -17.773 -52.670 -70.305 -27.443 -58.458 -36.681 -99.975 -50.243
96.056 30.817 39.554 -90.669 -40.027 57.978 -89.348 56.881 51.602 81.834 -15.168
-17.411 -68.711 -92.960 6.688 35.110 -54.090 -23.783 -97.877 51.436 -74.613 80.877 -7.322
-57.443 -16.634 -57.416 -30.830 69.019 94.606 21.312 -31.712 -75.420 -14.880 -53.120 -71.394 13.326 84.285
-58.975 -34.001 24.573 14.455 88.497 -22.019 -49.193 -42.357 -76.482 10.157 -13.201 -84.565 -93.168 -63.713 56.876 -57.630 92.912 -80.998 -95.631
9.642 14.035 -95.806 41.563 -55.374 65.881 -59.693 -49.577 -29.818 96.355 -71.637
67.832 63.239 -13.488 -28.780 13.728 -55.959 -67.661 58.619 -10.723 -41.295 39.915 -31.397 98.850 21.544 39.815 70.306 -21.802 -36.829 73.145
38.775 58.422 53.977 -64.739 32.932 61.976 72.808 87.077 19.811 53.808 42.100 64.652 10.123 -8.498 45.514 92.278 75.154 75.823 -4.782
-47.031 -39.058 76.519 24.727 37.436 39.074 84.602 -51.130 93.383 -41.493
43.564 -89.218 -94.483 23.726 -94.918 55.792 2.366 91.191 16.652 -31.676
-84.595 -43.932 -75.608 54.979 -49.081 -66.281 -61.986 70.251 61.750 28.394 76.889 7.308 -72.863 44.795 -37.435 -52.572
