76 83 26 13 88 1 74 9 81 27 75 : 7-9, 0-8, 8-7, 1-2
30 53 74 91 60 19 87 70 100 13 22 47 73 70 54 : 4-0, 10-3, 10-8
46 46 66 33 43 49 71 68 59 27 65 : 3-3, 7-6, 2-0, 4-4, 5-2
72 25 84 38 4 36 67 78 55 43 52 1 : 5-0, 10-10, 6-11, 9-1, 0-0, 11-2, 9-2
98 98 86 30 44 83 52 40 87 84 68 9 99 54 38 51 : 12-9, 15-0, 8-11
88 54 44 84 78 25 48 49 84 28 42 96 51 60 75 55 13 62 : 4-8, 1-13, 16-15, 8-1, 2-10, 10-2, 16-16
64 59 75 42 52 74 29 29 76 8 26 38 91 39 57 16 7 35 : 14-11, 14-16
83 22 27 33 1 17 77 86 12 4 95 87 33 62 100 26 : 7-9, 9-15, 10-15, 7-7, 12-1, 2-3, 1-0
26 33 65 44 83 71 38 92 41 45 88 70 14 : 1-12, 2-12, 6-1, 4-10, 2-2
24 47 39 37 74 70 92 85 41 97 55 36 25 82 35 : 9-7, 6-7, 5-1, 6-11, 4-2, 11-14, 14-4
40 58 88 54 79 46 54 82 24 43 40 91 25 43 11 28 44 12 : 17-5, 4-4
66 32 44 81 47 1 46 80 15 91 37 84 : 2-8, 3-6
100 10 74 68 49 83 61 2 38 69 3 : 7-6, 5-9, 5-3, 6-1, 6-7
35 39 83 87 82 47 74 33 1 36 1 59 69 98 61 42 28 12 5 : 15-10, 3-1, 12-1, 13-13, 17-0, 1-11, 12-16
8 93 58 73 5 48 17 47 33 67 66 64 : 10-8, 0-6, 6-10
36 25 57 71 25 70 47 28 10 56 3 41 12 87 : 5-6, 6-12
88 12 83 81 21 10 98 5 23 48 68 68 : 4-4, 10-2, 11-9, 0-2, 10-11, 0-0
1 79 67 69 34 51 42 54 46 19 5 : 7-0
92 14 64 15 19 81 18 11 70 52 95 1 79 97 42 94 64 75 : 10-12, 5-16, 5-5, 3-2, 4-4, 17-10, 16-1, 14-17
37 4 3 23 80 62 50 61 37 41 88 76 28 42 : 13-10, 0-9, 3-9, 12-7, 2-1, 12-3
7 25 21 64 71 79 46 32 6 22 9 92 71 45 3 61 61 27 87 : 17-7, 10-14, 7-7, 16-14, 5-11, 1-7, 11-16
6 4 71 48 8 38 71 37 10 15 73 13 68 17 91 90 80 13 : 3-4, 16-9, 11-6, 4-2
72 16 51 31 57 15 41 15 85 14 21 19 21 29 59 61 : 6-2
97 15 42 82 51 85 58 84 25 26 81 91 7 : 10-12, 3-8, 11-7, 6-10, 2-3, 5-1, 10-2
59 81 56 93 65 27 16 12 93 29 65 : 4-1
48 64 56 65 41 38 65 42 67 43 68 45 53 13 92 93 15 17 72 : 13-8, 17-4, 14-3, 12-4, 1-1, 18-2, 10-3
8 27 56 67 96 22 31 63 17 91 : 4-1, 3-2, 9-6, 7-2, 4-0, 7-2
6 65 53 72 44 1 34 3 17 13 61 99 65 19 98 20 78 : 3-10, 3-2
41 86 100 60 63 84 53 61 38 71 17 8 43 85 58 15 59 11 48 : 0-1, 2-0, 8-5
15 95 88 3 82 63 98 26 22 9 47 : 8-3, 10-10, 0-5
11 15 69 24 89 13 88 20 33 30 20 11 48 90 56 : 10-1, 4-14
84 86 70 2 27 50 76 84 8 98 34 35 68 38 94 40 39 82 42 : 11-12
46 65 81 92 6 61 2 95 89 79 : 9-9, 7-0, 6-2
9 97 80 6 62 19 93 78 61 49 73 27 72 21 30 63 45 : 10-5, 13-4, 10-8, 15-1, 6-1, 13-5, 3-6, 15-14
22 87 53 15 52 65 61 96 65 56 91 28 2 2 43 95 : 7-5, 10-11, 8-6, 9-14, 1-5, 11-15
92 22 70 94 8 60 66 84 26 22 77 : 6-3
22 41 80 95 22 80 34 28 84 10 43 48 18 92 98 38 99 : 7-1, 5-9, 16-9
42 13 71 16 52 36 62 17 80 22 28 37 : 4-3
63 85 39 20 28 8 88 51 33 76 96 77 83 : 8-5, 3-1, 10-7, 4-1
85 88 51 6 55 35 35 23 48 78 66 99 82 9 : 11-5, 8-10, 3-8, 5-10, 9-7, 7-6, 2-8
72 17 26 9 20 4 25 74 85 83 40 93 94 50 18 34 60 66 97 : 7-8, 0-4, 5-4, 7-9, 7-17, 14-5, 14-16, 15-18
62 32 28 51 9 42 80 12 8 6 67 60 82 73 94 6 16 60 42 : 17-9, 6-9, 2-17, 12-8
28 97 71 33 38 88 99 32 98 57 92 8 83 69 31 77 73 : 12-12, 13-15, 15-7, 15-14, 15-3, 9-2, 3-1, 7-16
22 67 93 5 59 15 31 77 47 69 93 28 : 3-7, 4-3, 8-10, 3-2
32 11 79 43 33 91 11 45 29 81 98 33 89 86 : 0-3, 10-5, 7-13, 12-7, 7-8, 2-4, 7-12, 0-4
37 63 95 88 60 92 76 5 86 60 92 47 35 47 50 80 89 62 27 40 : 13-4, 13-1
25 2 26 63 21 36 78 3 43 8 60 2 6 6 : 10-11
84 19 35 30 51 79 92 97 61 91 11 10 53 95 24 84 43 76 : 11-3, 11-12, 12-8
86 69 65 85 97 91 25 2 93 1 : 8-6, 9-2, 5-1
19 47 75 38 83 73 7 61 73 71 : 2-5, 8-4, 3-5
55 46 64 49 95 42 74 89 66 1 24 74 32 30 29 73 24 4 90 6 : 0-17, 18-9, 0-13, 1-13, 1-8, 16-1, 14-15, 7-9, 8-8
70 23 14 40 64 65 50 42 93 76 51 55 : 2-4, 1-7
10 89 90 52 62 72 92 97 47 79 10 45 72 9 99 : 9-4, 6-0
57 39 29 1 4 25 32 86 2 100 71 29 68 9 82 83 83 100 6 : 6-11, 16-16, 7-5, 5-10, 10-6, 8-2, 10-16, 14-11, 13-0
17 1 76 80 33 2 72 6 70 65 60 32 : 11-9, 6-1, 2-5, 4-6, 1-6, 0-3, 8-1
61 35 76 77 50 24 59 4 60 24 70 68 58 82 12 18 98 23 12 : 10-4, 17-0, 4-15, 2-11, 5-11, 2-9, 3-8, 5-7, 9-8
28 23 98 36 98 96 46 25 86 23 40 61 14 37 17 : 7-12, 12-2, 3-13, 10-5, 1-7
55 39 11 87 41 60 23 26 56 73 48 100 98 74 9 69 96 21 84 47 : 13-5, 6-14, 8-19, 2-13, 2-0, 18-13, 18-6, 6-5
27 23 49 45 10 93 48 40 52 38 : 6-5, 7-9, 0-4, 9-9, 6-8
100 72 61 80 77 1 73 51 1 6 89 86 3 40 86 39 : 3-9
29 87 33 10 58 42 92 98 56 63 13 27 94 90 34 83 19 91 : 16-9, 16-11, 10-1, 16-7, 12-7, 14-5, 17-6, 17-17
17 9 92 42 9 41 96 62 6 22 19 34 31 83 76 77 62 5 49 88 : 9-4, 0-6, 5-2, 13-6, 11-7, 5-5, 18-15, 11-19, 5-4, 17-7
27 39 62 99 79 83 20 46 24 55 20 32 : 9-6, 4-11, 5-8
31 60 36 27 7 4 24 46 12 36 49 51 57 80 : 12-8, 1-5
80 59 37 92 36 99 84 1 62 35 : 1-8, 6-3, 7-4, 1-5
40 67 47 97 5 84 32 87 52 52 75 88 43 71 : 13-11, 9-5, 0-3, 7-13, 3-7, 9-10, 8-4, 8-4
39 22 62 54 52 43 5 41 16 56 45 29 55 52 44 95 23 100 84 : 1-11, 15-11, 10-17, 18-15, 18-17, 1-17, 13-8
97 24 14 62 74 11 15 6 43 51 62 12 : 3-0, 4-4, 1-1, 9-7, 3-11, 9-1, 5-10
58 83 67 40 40 81 30 31 56 38 : 2-5, 0-4, 8-0, 0-5
13 37 11 58 28 83 6 100 15 14 2 : 4-0, 0-8, 7-2, 8-8
9 18 65 15 100 58 59 95 7 100 43 26 87 35 78 7 92 11 32 31 : 13-2
16 2 4 56 49 85 19 87 38 92 40 39 17 47 25 : 12-13
31 22 31 30 61 49 55 20 27 57 81 46 41 56 25 27 49 6 : 17-8, 7-0, 17-8, 5-4
50 29 73 26 8 28 96 5 96 24 6 44 19 : 4-1
10 64 39 68 97 14 81 27 15 94 36 88 38 96 : 6-12, 7-3
92 88 24 38 7 95 80 4 34 29 82 82 57 80 : 13-11
97 16 23 90 71 78 60 5 44 44 51 90 39 47 44 22 3 : 16-11, 13-15, 5-11, 1-16, 7-11, 13-13
55 55 62 92 4 100 23 56 41 64 : 2-1, 1-0, 1-5, 4-4
44 30 45 25 27 12 42 57 40 83 82 68 72 54 30 65 97 55 : 7-4, 13-5, 15-0
99 56 6 79 82 27 95 19 61 36 89 79 86 35 46 : 5-8
35 3 20 77 25 20 93 33 63 54 72 3 50 54 79 : 2-5, 13-10, 14-11, 10-9, 0-10, 13-13, 7-11, 2-6
64 74 37 33 76 47 52 64 64 7 14 17 20 86 18 5 61 98 6 : 11-8, 13-15
4 32 16 40 90 54 32 6 34 18 99 18 93 74 56 83 77 36 30 : 13-17, 4-14, 3-3, 2-8, 6-13, 5-0, 5-0
87 48 10 12 12 82 94 44 49 11 25 23 48 : 12-5, 2-3, 1-9, 9-6, 8-2, 1-10, 12-6
66 50 57 77 10 65 89 9 2 67 55 14 42 15 92 44 66 17 35 : 1-0
64 27 26 17 90 91 55 66 67 29 36 73 4 71 72 : 5-4, 9-12
18 9 20 81 76 33 60 4 87 37 18 69 : 11-6, 11-3, 9-7, 1-5, 10-10, 0-0, 7-6
3 4 35 23 31 81 91 30 48 66 91 98 20 35 25 33 92 25 78 97 : 9-17, 7-5, 4-14, 9-1
62 62 49 13 76 55 38 12 11 44 95 83 88 80 86 58 89 73 23 : 5-8, 15-6, 18-16, 15-5, 12-1, 14-8
99 58 91 19 51 2 67 1 63 83 71 30 36 21 76 71 45 55 87 18 : 14-7, 12-2, 14-18, 9-10, 19-10, 1-7, 1-7, 15-15, 13-10
41 81 51 21 17 37 45 55 96 50 33 1 99 65 54 69 87 72 45 : 18-1, 17-17, 6-15, 15-10, 2-5, 3-8, 1-0
13 62 8 27 43 2 89 31 6 38 46 84 11 65 14 23 71 24 39 : 5-13, 8-17
76 9 17 83 70 58 28 62 81 87 73 94 28 53 65 : 1-12, 9-7, 7-2, 12-5
36 60 48 43 25 25 91 50 5 55 55 9 30 87 : 7-10, 7-1, 2-7
71 26 99 28 52 9 36 76 58 24 11 40 29 : 8-10, 7-3, 3-6, 9-4
16 27 83 95 18 64 21 34 28 87 26 40 83 58 : 2-13, 10-8, 1-6
40 72 81 55 44 83 14 84 96 26 7 96 81 12 28 : 10-2, 6-12, 0-1, 10-10, 7-5, 1-7, 3-0
72 42 25 97 57 41 30 37 73 58 76 96 16 59 53 : 14-5
4 39 76 72 87 59 70 63 36 57 9 13 16 74 100 30 50 : 11-14, 5-7, 1-16, 4-8
54 56 67 1 83 48 54 21 4 75 23 8 9 22 32 23 47 50 65 64 : 14-9, 0-16, 10-11, 5-13, 13-3, 14-13, 16-1, 3-4, 5-2, 14-19, 13-11